239
3293
4133
6826
47358
47376
47388
47390
47396
47422
47437
47490
47514
47542
47625
47651
47688
47700
47733
47746
47798
47849
47898
47909
47934
47938
47965
47973
48029
48033
48064
48080
48128
48153
48155
48166
48184
48217
48219
48242
48244
48257
48269
48271
48285
48311
48333
48366
48376
48527
48536
48543
48550
48617
48630
48681
48732
48739
48915
48917
48932
48950
49006
49048
49059
49070
49108
49110
49119
49138
49157
49178
49227
49307
49327
49369
49378
49394
49399
49409
49415
49436
49477
49515
49548
49594
49598
49604
49606
49661
49693
49704
49708
49714
49795
49803
49822
49827
49838
49841
49847
49861
49867
49923
49936
49950
49963
49983
50082
50174
50202
50219
50223
50227
50242
50255
50352
50373
50385
50419
50434
50443
50445
50464
50519
50527
50553
50577
50581
50626
50646
50648
50731
50765
50767
50770
50783
50793
50804
50822
50843
50845
50859
50918
50923
50932
50955
50961
50983
51060
51066
51109
51111
51182
51204
51297
51316
51372
51380
51382
51386
51533
51542
51601
51625
51633
51644
51674
51688
51693
51756
51760
51776
51808
51859
51861
51873
51895
51951
52053
52055
52113
52159
52168
52215
52225
52232
52264
52272
52281
52293
52295
52304
52353
85208
92188
92234
92392
92410
92501
92518
92521
92530
92613
92646
92703
92720
92729
92781
92874
96595
96600
96605
96643
96648
96656
96668
96671
96678
96686
96690
96695
96727
96749
96752
96756
96795
96797
96798
96800
96802
96813
96824
96832
96842
96851
96860
96872
96875
96885
96901
96904
96907
96911
96912
96915
96933
96938
96944
96955
96963
96984
96995
97027
97035
97043
97048
97055
97068
97070
97071
97077
97086
97091
97099
97102
97107
97111
97127
97132
97133
97136
97155
97167
97178
97179
97195
97196
97197
97201
97205
97208
97223
97229
97236
97237
97243
97258
97270
97274
97277
97293
97296
97297
97307
97340
97346
97353
97359
97382